2229.15708 3
155.08153 12191
155.11752 19585.7
156.07626 18504.1
157.09718 9790.8
157.13332 18034.6
158.09250 3865.03
159.07657 28557.8
159.09126 10897.6
166.08647 2446.63
167.08067 17274.9
168.06564 3260.81
169.06123 2967.43
169.09680 29207.9
169.13326 22703.7
170.04445 2598.67
171.07690 4368.55
171.11295 16495
173.05560 13875.4
173.09218 4370.95
173.12817 45196.2
174.13182 3363.41
175.11874 29427.9
181.06059 2781.98
181.09729 12645.1
182.08185 2509.01
183.11270 27206.9
183.14902 24210.2
185.09180 90039.4
185.10831 3534.56
185.12759 16395.1
185.16429 19682.3
186.08882 11964.8
186.12323 8928.64
187.07159 43180.6
187.08806 5220.66
187.10796 12083.3
187.14424 9810.98
188.07422 2333.94
192.10252 9899.7
195.07689 5183.78
197.12807 45594.1
198.08751 5501.23
198.13171 3176.61
199.07184 11383.7
199.10794 8943.94
199.14508 2885.19
199.18073 23900.2
200.10287 3223.71
200.13969 5499.36
200.18257 2304.31
201.08745 4632.47
201.10576 4759.5
201.12308 61744.9
202.08296 4392.93
202.12685 2492.57
203.10249 5219.69
204.08566 2452.72
204.13489 2502.56
205.09895 5033.29
207.11336 2796.55
211.10773 4179.67
211.14392 22886
212.10368 21172.5
212.14142 3449.14
213.08667 414679
213.15938 19320
214.08980 38876.6
214.15450 18311.7
215.13893 35122.4
215.15576 2644.8
216.09840 9632.66
216.14177 4061.14
217.08180 14961.8
217.13673 9380.51
219.11281 3025.01
219.14908 15445.4
220.15312 2648.39
221.12744 2570.76
224.10356 5092.83
224.14017 3502.55
225.12364 3333.98
226.11832 21634
226.15553 12608.9
227.10181 37659
227.13977 3007.14
227.17516 25621.1
228.09830 2334.8
228.13385 15934.9
228.17741 2624.35
229.11731 41908.6
230.11314 20749
231.09746 14808
231.11681 2550.24
232.14076 2465.3
233.09442 4978.3
233.12807 2814.65
233.16508 12089.7
234.10699 16119
234.16815 2481.47
235.11974 5237.61
235.14314 2330.57
237.12317 26300.3
238.12021 3892.9
239.17488 2762.94
240.09799 15845
240.13348 46195.4
241.08220 13551
241.13596 5109.84
242.11325 3465.15
242.14952 123744
243.10916 3519.61
243.13419 68553.9
243.15410 16180.7
244.09248 4106.04
244.13657 4874.17
244.16512 46991.8
245.07494 2344.75
245.13191 5098.18
245.16846 4120.68
247.10899 11688.3
247.14435 11779.6
248.14204 2475.09
249.12317 4939.05
252.13411 3262.26
253.12869 24286.3
254.14975 23115.7
256.12854 3217.82
256.16769 3786.58
257.12405 5150.21
258.10818 107352
258.14496 12558.4
259.09012 3516.97
259.11337 3649.57
259.14413 3726.6
259.18048 10541.3
260.19769 33220.2
261.09058 4092.5
261.12323 3300.92
261.15973 5123.92
261.20154 3321.18
263.13901 3245.51
264.13675 2289.25
265.11783 32321.6
266.12140 4491.01
266.15063 15959.2
267.14993 20643.6
268.12909 3836.68
268.16589 5535.8
269.12671 2977.29
270.10913 4509.57
270.14551 8878.56
270.18042 9195.75
272.12732 2760.57
272.16006 3062.92
274.09827 4375.72
275.10281 5599.5
276.16110 2936.37
277.11859 3678.17
278.11783 2441.76
280.16541 4766.91
282.14572 12980.7
282.18015 4862.03
283.14127 4728.91
284.12454 145347
284.16058 38090.2
285.12708 14644.3
285.16122 4987.04
286.10309 3693.12
286.14005 9876.14
287.17487 5062.77
292.12866 64410.4
292.15900 3365.08
293.10931 4082.31
293.13696 3176.13
294.14709 4756.11
294.18161 8945.63
295.14328 19160.2
296.12402 5000.28
296.19751 5200.1
297.15665 5735.34
297.19128 2981.71
298.10315 2731.54
298.14078 8591.06
298.17633 8681.06
299.13831 3208.97
299.17239 12807.5
300.15417 23941.3
301.15302 3562.01
302.15002 37330.5
303.15253 27281.6
304.12830 4101.87
304.15970 3776.84
308.16104 4307.14
309.15448 4978.5
310.14008 2561.36
310.21335 2580.65
311.14087 3238.88
311.17130 26522.3
311.20490 3208.35
312.15436 182040
313.15756 32746.9
313.18835 7603.95
314.16638 3626.64
314.67477 12279
315.13156 2564.88
315.16739 10404.6
315.20303 3252.13
316.11426 9739.4
318.11200 4631.62
322.14145 3998.36
323.13940 2610.64
325.15128 4915.78
325.18823 15923.1
326.17023 51492.5
326.20361 3220.21
327.13153 2935.73
327.17062 10522.5
327.20432 2836.1
328.70248 30684.1
329.18643 10345.3
334.13998 11984.8
337.14954 3802.74
337.18649 2825.08
339.16684 14857.1
339.20331 7606.7
340.14853 20067.8
341.14743 18798.4
341.18283 5209.47
341.22058 4355.81
341.26239 2531.86
342.20389 9370.34
343.15961 3562.92
343.19781 37128.5
343.23541 3546.87
344.18353 13868.8
345.14166 2906.63
345.22552 3789.4
349.15240 3477.08
351.16638 14020.3
351.20364 3360.04
353.14432 2960.61
353.18225 12679.4
353.21979 3258.1
354.17667 14262.7
355.19543 7781.07
357.17651 51142
357.21399 5217.7
357.25064 4107.27
358.13983 10209.1
358.17758 10563.2
358.21555 3269.32
359.15280 14834.6
360.12030 15123.9
360.22989 3482.97
361.13821 4881.38
361.18787 2937.03
364.15076 4110.7
365.18222 5183.88
367.15955 2587.82
368.19452 3485.07
369.13705 4650.93
369.17627 11178.9
369.21460 50119.6
370.17285 5129.75
370.21420 14547
371.19150 74336.5
371.23532 2716.44
372.19388 12301.1
373.28015 63088.9
374.20679 3828.58
374.28394 9860.11
375.16608 14373.4
376.14716 15465.7
377.14713 3845.73
377.21829 2959.33
378.23297 3551.8
379.23779 2977.3
381.17490 4708.73
381.21558 3973.7
382.17606 7199.05
382.67847 8473.41
383.18857 18885.7
384.19241 3800.14
386.20544 4065.87
387.19107 3696.81
388.25327 2656.74
390.17590 3616.54
392.17953 15433
393.17603 33524.7
394.17255 4902.86
395.18982 2528.78
397.20709 138526
398.20490 23079.6
399.14999 5526.56
399.22623 3913.72
401.20975 2841.94
403.20065 3551.15
404.14584 9331.64
404.19620 2744.81
405.21341 4070.07
407.22876 12111.1
408.22687 4917.15
409.20993 16229.1
410.20435 15600
411.18567 12104.1
411.23016 3608.9
412.18283 2532.28
413.19882 3401.34
414.27466 4119.8
415.22507 5032.28
418.20953 3976.72
418.71234 3093.59
421.17059 38300.6
421.22086 3237.44
422.17014 10284.1
423.18835 3617.11
424.18924 9186.88
424.25516 11497.9
425.24097 13197.1
426.23724 11168.9
427.22192 3444.22
428.20801 16095.3
429.19818 4438.13
432.21320 5132.05
436.21884 5206.75
437.70364 2616.16
438.19611 2724.01
439.25037 9901.52
440.21490 13008.5
441.20288 9884.91
444.24789 5267.16
446.27759 2936.49
446.70673 16248.8
447.15186 10422.2
447.21130 10105.6
452.25290 10242.7
454.22430 22859
455.23242 4167.65
460.25262 3777.95
466.22849 4251.76
467.26300 3949.32
467.72577 3834.04
468.21036 4146.62
468.27939 3296.76
471.21698 2654.51
472.23981 37708.2
473.23868 13859.1
473.74014 3208.73
474.23145 4867.51
475.21655 9598.58
475.27423 10147.9
475.77365 2937.39
476.21448 4728.17
479.23264 5120.61
480.25323 14859.4
481.27115 2719.95
482.23886 9018.18
482.29715 32411.7
483.30313 4489.72
484.27655 280445
484.77744 150710
485.21719 3989.15
485.28009 54825.9
485.78165 3452.67
486.19638 4459.95
487.17581 3797.09
487.23901 4938.7
487.73581 3319.41
488.25006 6713.94
488.30875 37635.4
489.23450 11356.2
489.30969 5664.64
490.25677 3606.32
492.22021 2703.3
492.28732 3428.99
494.21481 6505.36
495.22571 3455.26
496.22952 8584.23
496.28116 7957.28
496.74075 4216.93
497.23001 22026.2
498.22629 13509.7
499.29028 4957.11
500.24240 2821.1
502.23627 4662.13
503.21393 4753.38
504.20779 41664.8
505.19949 15141.1
507.24658 3256.01
509.25400 3833.91
510.29263 102975
511.30023 31992.5
515.29431 11915.7
520.23859 23169.3
521.24249 5729.7
522.21704 65412.5
523.21436 17666.7
526.27869 5381.31
528.30579 16558.9
529.30731 3906.39
531.27704 3203.45
531.75848 3188.55
536.27740 3801.68
538.25104 3203.88
539.28900 5005.6
540.82129 4717.31
541.24811 4183.77
541.32428 3533.34
541.81750 4367.49
549.26935 21000.3
550.26556 9843.01
552.23322 4104.13
552.76227 4273.47
553.29321 10535
554.27313 3838.14
556.30365 4617.25
558.26367 10481.4
558.36194 3479.72
559.26001 9898.01
559.34741 20652.9
561.29236 10721.4
562.29541 4287.13
563.28217 10010.7
564.28973 3740.57
565.30072 2981.5
566.26917 3813.44
571.30554 2984.26
572.25970 7049.61
573.25317 3261.76
576.26776 9700.64
577.25922 32486.9
577.33740 2948
578.26849 10055.6
583.30847 9274.85
585.27405 3692.18
586.25586 4471.02
587.26331 3022.2
589.28644 3037.17
590.28986 10613.3
591.26575 21356.9
592.26306 10673.8
593.29144 4474.88
594.30237 4278.31
595.26959 74490
595.35553 3641.5
596.26929 18314
599.28314 4225.35
601.28351 3074.48
603.27661 43361
604.27515 13744.9
605.27380 4566.86
607.30786 12060
609.27637 15703.5
609.37146 4395.24
610.31427 11092.7
611.30505 13612.8
612.29285 4245.43
615.29608 4209.63
617.29199 52107.9
618.29614 19330.4
619.30450 10001.3
621.28412 24533
622.28766 11017.1
623.26978 3819.51
628.34058 45431.9
629.33844 4302.59
632.26569 3615.48
633.24664 29093.5
634.25061 8044.08
635.29999 33630.3
636.30829 18881.6
637.31714 5242.22
638.39307 16262
639.38794 9246.61
640.30566 3642.26
640.43390 3199.11
646.30176 3258.64
650.27374 3556.54
651.25671 31406.6
652.25275 5016.43
652.35193 5108.11
655.34589 3398.64
656.39709 549050
657.40039 206626
658.30115 4387.42
658.40356 36254.1
659.33398 12418
659.83673 4979.79
660.30426 12024.9
661.30505 5531.25
662.34161 11352.8
662.65979 3882.64
662.99890 3220.78
663.32617 3962.52
664.33484 4540.08
667.33832 9826.6
668.32928 9905.75
669.34467 3952.18
670.33160 11851.8
672.99536 3756.84
674.30408 16023
675.30420 3714.19
676.36060 3923.6
677.40210 4391.74
678.36115 22368.8
679.35962 16084.8
680.36273 28916.2
681.36304 11453.8
682.35071 4202.39
683.38763 3262.37
685.35101 9394.89
686.30878 15692.8
687.31250 10625.8
687.85297 4233.88
690.34216 17095.7
691.32788 11276.9
692.32544 18506.5
693.32288 11854.2
694.32874 4507.42
698.36145 3546.44
700.34406 5134.59
704.32135 17219.6
705.32050 5176.08
706.33331 5515.16
707.34747 3678.59
708.35236 49182.7
709.36511 19869.7
712.34479 3603.05
714.32257 3834.97
715.89111 4774.78
716.35834 3432.67
717.36646 5453.06
719.32916 4814.91
720.30371 4011.39
722.37567 17221.9
723.36829 4128.4
724.38519 4071.56
725.38202 3348.86
726.37225 5375.5
727.33826 4057.25
728.31433 15914
729.33142 9894.81
730.44000 3991.77
731.33643 4484.97
732.32147 19227.8
732.44574 8011.7
733.32562 5521.53
735.37042 3578.39
737.45642 4252.25
742.33905 3859.99
743.38568 11928.8
743.45544 11655.6
743.89825 25240.7
744.39130 61255
744.90344 17417.4
745.34906 12825.6
745.42773 3455.75
746.33875 23967.6
747.32843 7100.41
749.35419 3387.59
750.32446 26636
751.33008 11359
753.35754 3532.29
755.46460 199976
756.34271 4006.7
756.47064 80307.7
757.46930 12120
761.34619 12847.1
762.38861 3681.56
763.35889 30230.4
764.34723 38881
765.34528 16585.6
768.49316 3731.13
776.35211 4757.79
777.44360 7136.91
779.33020 15148.7
781.39368 5468.63
782.38721 4317.31
791.39929 17078.2
792.40338 4077.74
793.45770 21267.7
794.43872 9283.77
799.39539 11959.2
801.38300 3682.08
803.36700 10362.7
815.35822 4983.22
817.40961 4501.37
818.39392 4631.98
820.38098 3512.98
821.44830 45774.4
822.45337 21543.1
823.42249 4543.38
833.37311 11745.1
834.38763 4162.95
837.39575 12415.7
838.39380 11492.2
839.44305 12153.5
840.41766 4899
845.40723 19791.5
846.40955 14057
847.38635 4729.92
850.95032 13998.2
851.45789 12966
851.94843 4116.44
852.47260 3601.92
853.46191 4013.28
857.50305 3670.38
861.47375 3925.71
862.47736 15960.7
863.40631 17059.2
864.41187 16621.1
866.44495 4556.35
867.44019 5163.75
870.49200 114925
871.49701 53823.6
872.49719 5062.28
874.39343 38975.9
875.39447 27173.6
876.40131 4272.71
878.39355 12708.8
879.39539 4583.01
881.42706 3618.44
883.49365 4947.07
884.48688 4230.51
890.38324 17080.3
891.40027 5582.16
892.40125 117012
893.40424 48021.5
894.41870 11712.6
904.42047 3827.17
908.39612 8727.84
909.41943 3763.55
916.48291 3881.28
921.42169 4864.47
922.44525 10002.8
926.49213 4160.67
928.44250 4761.46
930.55237 3996.68
932.42102 8799.21
934.45886 14517.9
935.49060 5627.64
943.43341 10034.2
944.42847 5504.75
945.42694 4258.6
946.45428 11208.8
947.45490 3757.61
949.54938 22922.4
950.55249 7090.09
951.51550 3956.48
953.48505 4490.52
957.44983 4378.2
958.55042 11262.3
959.55139 13586.7
961.42169 17978.2
963.46497 15383.9
964.47900 12370.1
965.51428 5213.26
966.47974 4193.8
967.54376 836538
968.54730 420153
969.54828 111792
970.55493 17358.8
973.46136 30849
974.45557 15769.4
975.48981 10669.2
977.49976 4844.7
978.49304 10803.1
979.50153 13321.8
980.50830 4146.1
991.47180 62098.9
992.47174 37178.8
993.47571 13630.9
996.57196 12009.4
997.57550 11775.2
998.57941 9227.71
1003.46204 15825.9
1004.47821 4975.13
1014.43280 3958.44
1018.46924 4756.96
1020.50415 5527.91
1021.50104 9782.01
1022.49927 5140.57
1023.48096 4080.11
1027.58752 4895.58
1030.51794 4239.76
1034.54333 4648.59
1036.46143 3916.53
1037.48621 10376.9
1038.50525 10257.2
1044.49255 9232.85
1045.49768 9764.23
1050.49463 4819.03
1055.62073 5491.04
1060.49023 12068.5
1062.50549 21380.7
1063.52148 15610.5
1080.63354 25367.2
1081.62842 12807
1087.52319 5042.77
1090.58020 4849.42
1112.59790 8931.73
1113.53577 12429.7
1114.53296 11196.9
1127.59546 3946.84
1131.52661 44074.7
1132.52893 29198.3
1133.54919 10184.4
1149.52856 17111.7
1150.54785 15015.1
1167.66138 44663
1168.66943 29109.8
1169.67053 8601.82
1173.62512 4113.66
1174.61047 5299.3
1199.59949 4910.54
1220.63037 4849.53
1238.69751 38523.8
1239.69568 28568.7
1240.69067 12159.1
1337.76465 10361.1
1338.76855 9923.46
1347.72607 4221.56
1374.67578 4045.28
1466.80286 3889.29
