2102.87345 3
145.05009 2125.9
145.06039 25345.3
147.07605 35786.5
153.06567 23515.1
155.04434 3421.21
155.08122 9091.6
157.06027 23782.1
159.07631 25327.8
161.09128 12519
169.06012 7629.82
171.07602 44059.5
172.07072 11130.3
173.09157 19019.3
175.07101 57374.6
175.11880 35105
184.07127 10953.5
189.08607 11056.4
196.07112 3780.6
197.05504 2498.28
198.08711 4514.99
199.07074 4100.36
200.61809 19047.2
201.08621 20439.7
202.08130 11698.9
210.08669 7769.39
212.10294 2332.74
214.08188 46350.9
215.08528 2212.72
216.09692 16594
222.08647 2061.4
226.08203 4273.16
226.11804 3874.38
227.06610 3048.24
228.09779 4158.65
232.09001 10783.5
234.14496 2195.2
235.12933 2328.56
240.09760 14926.2
241.09314 9015.63
242.07544 3674.47
242.11272 11240.1
243.14357 3084.09
244.09200 14083.4
246.15495 2493.01
253.09198 4683.38
256.09131 2170.51
258.10751 8096.42
259.10284 25101
261.11960 2098.29
271.10361 18432.8
278.64404 7289.11
279.10739 2597.4
283.10281 11070.5
285.11942 3932.46
289.11386 10861
297.11935 11805.8
299.13379 2046.32
300.12784 2095.74
301.11340 29514.3
303.13193 6418.61
303.17728 11523.4
310.11429 8263.35
311.09821 4380.98
311.13373 2537.29
313.15479 7567.81
315.12936 4457.62
318.14063 11659.2
323.09854 3011.1
324.13324 2315.68
328.12445 20924.4
329.10980 9788.86
331.12445 2379.84
340.12460 7912.03
340.19717 4590.89
343.68146 4060.76
346.13480 54449.1
347.13757 4716.1
350.67123 8762.62
352.12341 3049
353.11014 3573.97
354.13910 4535.03
358.13483 12580.4
366.13724 2293.58
368.15512 4742.3
369.14932 3291.93
370.13538 14496
371.12384 3652.81
372.14990 8715.99
376.14569 3840.75
379.13492 4301.22
380.11755 13420.2
383.20224 35992.8
384.20462 8585.36
386.19086 10504.7
386.69290 3533.66
387.15973 3300.96
388.14441 14601.4
397.14410 20513.9
398.12729 16502.1
400.22919 151775
401.23270 29610.1
402.15155 2951.8
406.15729 2562.1
415.15567 30616.1
416.13937 19887.7
423.16147 2356.02
427.15521 2393.63
428.03485 35417.9
429.70694 9704.37
430.15656 2849.59
430.20932 3494.14
433.16617 48240
434.17047 4064.83
439.16141 9123.43
440.13794 3524.41
441.17242 6960.84
445.16580 8333.72
448.17108 2652.73
449.13947 8383.43
455.19049 3528.9
457.16794 11250.2
458.16031 2853.21
459.17938 8194.13
463.17725 3192.38
465.16937 2554.58
466.16690 8428.4
467.15161 18017.2
469.25125 3631.37
470.23953 3336.7
474.17883 9661.05
475.17700 9509.46
477.68967 2906.47
480.23068 4138.77
482.68164 3140.36
483.18253 3953.23
484.17688 28142.3
485.16342 23243.3
486.16879 2756.72
487.26123 103347
488.26498 24428.6
489.26199 3400.08
491.68683 4170.35
493.18362 4087.24
493.67877 7610.01
494.18576 3335.59
498.18814 3306.93
502.18817 42775.4
502.68506 3614.3
503.17932 14244.5
511.19250 15347.5
511.68839 3993.89
520.19958 24867.5
520.70074 3752.85
521.20245 4671.12
524.05701 4515.15
526.18732 2587.54
532.19702 10928.8
535.19482 4240.22
536.69537 2673.6
537.19592 8854.4
538.27423 2578.98
541.20337 8387.13
545.70398 16815
546.20111 14180.7
546.70013 4037.26
549.20465 2709.08
549.71527 9336.03
550.21124 4155.09
553.19781 8052.2
554.18781 12079.1
554.70917 7788.41
555.20929 12170.8
555.71051 4643.85
556.28467 4499.24
562.22083 3929.86
563.71533 11849.6
564.21912 4038.65
567.21667 3159.95
571.20911 18865.2
572.19678 13534.5
574.29291 130928
575.29504 39604.6
576.29803 4212.38
578.21918 3108.53
585.22363 4759.28
586.22198 2659.8
587.21600 13480.3
587.72052 7823.38
588.22766 4791.48
589.21985 23220.5
590.21271 13161.7
591.22388 3146.25
596.22302 10803.9
596.72406 11288.1
597.22565 9761.41
601.21918 8554.88
603.23083 10091
604.22388 4058.8
605.23669 13497.4
605.73010 9508.05
607.22949 15562.2
608.23364 3835.02
613.22131 3630.04
615.27399 3769.44
617.73523 4298.45
618.23822 3182.41
621.24329 3190.34
621.72894 9034.48
622.22925 13757.5
622.72791 4100.22
625.30084 3513.66
627.23834 3071.91
630.73877 26586.7
631.23676 12822.3
631.73315 3785.5
639.74438 26780.1
640.24170 20940.4
640.74109 6498.08
641.22455 10123.4
648.74518 17739.6
649.24835 11384.5
649.74823 2983.4
656.25842 4275.98
657.25342 3280.02
658.23938 15635.4
659.23376 11653.2
661.32544 120918
662.32941 33990.9
663.33313 6332.16
664.25146 2935.75
666.25793 10847.5
666.75635 4481.19
672.25397 7910.46
674.26978 4156.21
675.26306 4588.28
675.75891 2967.23
676.25000 16479.7
677.25061 8635.27
682.32605 8990.44
683.32184 7550.1
684.26691 3638.46
687.30212 3308.77
690.27283 9308.28
694.26099 13763.5
694.76953 3455.08
695.25781 3337.24
697.25671 2971.53
698.24329 2999.35
700.33484 30842.7
701.33789 14444.8
701.61255 3358.38
701.82129 9611.55
702.36621 37109.1
702.86737 19678.4
713.29199 3370.12
715.26715 4667.57
718.34589 497863
719.34882 160605
720.34894 35838
730.82056 4133.54
731.31464 4062.3
733.26868 7831.28
743.29272 3403.72
751.28918 3455.53
753.36145 3286.78
759.28204 4811.52
771.37012 16238.1
772.37952 3792.22
777.30035 3766.03
785.27240 3997.68
789.38208 161468
790.38611 61217.3
791.38623 11456.8
802.30341 7976.13
810.31000 3233.96
820.30621 7301.78
821.28857 4072.86
830.30829 3035.43
838.31189 8680.99
840.40344 3083.54
846.31470 3468.69
847.31470 4390.64
858.40802 20603.9
859.39923 10721.8
864.32898 3771.04
876.41479 97552.1
877.42578 42417.7
878.42212 8795.78
895.34167 10407.8
917.87958 3572.6
918.38281 4723.75
921.91296 3614.51
941.44275 3149.14
953.40387 16725.9
953.90302 6981.88
959.45270 3382.34
964.35767 8943.15
965.34631 9186.8
977.46100 29721.9
978.46246 10489.3
982.36737 8563.82
985.36523 3185.64
986.34717 4086.74
1003.36993 4046.68
1004.36975 10163.7
1021.37891 17401
1022.37384 8438.56
1028.47437 17857.8
1029.47583 4002.13
1039.39404 17488.8
1040.40015 3491.82
1064.49951 8131.44
1085.48718 3694.99
1090.41052 3445.31
1091.40625 6484.88
1108.40881 17171.8
1109.41284 10673.8
1121.53357 6620.94
1126.41882 8681.54
1127.42871 3388.27
1172.53040 2957.14
1191.44629 8013.44
1209.47205 7547.05
1210.45691 2973.39
1279.46667 3505.47
1296.48401 8796.33
