2102.87407 2
147.07582 13286.5
156.07600 2536.26
157.06029 11693.8
158.09172 2678.73
163.05986 2381.94
168.06450 4427.59
172.07126 10434.3
175.07098 39696.1
175.11841 82767.2
184.07071 2440.42
199.07077 9877.2
202.08188 28594.9
204.08583 13612.7
214.08113 25661.8
226.08177 4245.43
227.06598 11162.4
231.10767 2303.47
232.09192 5092.04
241.09183 14333.3
242.07726 2666.88
244.09204 11542
246.15562 20386.6
247.16028 2679.32
256.09048 2412.69
259.10263 45388
269.08704 3382.54
271.10327 3327.02
283.10291 3686.38
284.08575 3627.84
289.11325 3469.68
293.08823 3726.72
298.11032 2415.2
300.13022 5547.99
301.11343 33587.8
303.17722 35167.7
310.11414 10258.3
311.09763 5439.09
318.14047 15261.9
319.12363 4918.09
328.12445 42627.5
329.10950 9355.82
331.12335 5543.27
335.09775 2568.91
340.12515 4087.41
341.11246 3002.45
346.13519 80902.7
347.13690 4556.4
352.12521 10336
353.10773 18029.8
358.13394 11449.6
362.10916 8736.62
366.13922 2667.7
369.15079 2851.86
370.13513 36553.6
371.12158 5047.07
376.14581 2715.28
379.13647 4158.06
380.11911 29825.1
382.21609 4125.6
383.20325 20108.1
387.16199 7920.77
388.14496 29375.8
397.14539 26589.3
398.12952 46527.8
400.22919 464971
401.23184 66426.3
402.23596 2606.9
405.17123 3820.27
415.15649 57350.4
416.13940 31365.8
421.14554 2998.28
422.13062 8314.17
427.15408 8433.54
431.13095 2674.61
432.11279 3050.65
433.16647 75737.8
434.16843 9355.79
439.15753 17390.8
440.14063 13858.3
445.16583 9376.11
448.15805 3592.75
449.14209 32102.4
450.12912 3811.1
456.18442 3356.8
457.16586 27320.3
458.15900 9051.11
466.16626 14314.8
467.15097 57175.8
468.14899 5213.02
469.25027 2778.91
470.23743 4382.66
472.16669 2794.1
474.19211 2958.36
475.17703 20977.6
484.17764 43184.4
485.16110 49140.8
486.16180 4476.26
487.26120 158970
488.26428 24003
490.18234 3186.08
493.18692 3432.31
502.18762 50665.8
503.17432 30253.6
506.16324 2713.5
509.16229 3598.27
514.18646 9187.78
518.16589 5454.15
519.14655 4010.55
520.19922 33233.5
521.20135 2898.58
524.17065 2802.59
526.18939 9866.9
527.17664 5018.57
528.17346 2913.66
532.19794 3644.04
535.18634 4450.54
536.17084 21977.4
537.15900 5447.04
542.18298 3889.03
544.19971 14874.1
553.19928 15226.5
554.18317 34771.4
555.18250 5490.45
559.20764 4042.97
560.19910 4348.06
561.22308 3358
562.21118 13351.8
571.20837 35170.4
572.19641 34845.4
573.19775 3956.83
574.29321 128691
575.29498 21333.1
577.21790 3861.43
583.21063 3323.66
589.21863 34499.4
590.21375 13914.1
595.21039 3171.05
601.21930 3701.54
605.19666 3767.11
607.23199 23697.3
610.22925 3318.58
611.21924 3512.65
613.22253 4430.69
619.22711 3442.94
622.21466 7093.24
623.20679 13396.4
624.19763 3591.68
628.23297 4887.7
629.22107 9925.74
631.22864 4277.98
632.21893 3329.11
640.23065 11046.4
641.21790 14690.2
642.21588 5396.71
646.24011 4966.55
647.22656 3002.6
649.24432 4431.21
658.23981 29623.9
659.23364 24121.9
661.22009 4808.18
661.32440 83248.7
662.22607 3546.95
662.32391 17472
664.25061 4641.03
676.25220 25357.1
677.24200 15876.9
679.24280 3860.97
680.22314 9384.58
681.21936 3069.1
694.25861 19745.9
697.25159 11491.7
698.24115 16727
700.33423 5164.84
705.30859 4608.51
715.25732 21396.7
716.25354 16634.5
717.25739 3217.25
718.34558 290990
719.34851 69103.9
720.34851 4306.24
733.26923 22028
734.26483 13765.8
751.28571 17370.5
752.28314 4839.87
767.26953 8845.53
773.26862 5455.28
774.33472 8612.09
783.33795 5165.76
784.28363 4651.96
785.26984 17278.4
789.38208 142702
790.39368 34286.7
792.33807 5536.86
792.85333 3568.88
802.29315 21289.9
803.28558 11878.5
817.85425 5301.24
820.30188 23996.9
821.29370 13993.6
824.29071 4950.02
826.85046 3267.36
835.86096 5437.43
836.35687 10236.2
838.31940 20591.5
839.32916 3583.24
841.31342 4673.14
842.29187 5106.65
858.40704 8367.42
859.32001 11171.1
860.30859 12063.2
861.36035 11470.4
870.87134 3896.89
876.41467 171632
877.43451 47374
878.30371 3496.95
879.36841 12609.1
879.87500 9605.51
895.34119 9688.93
928.33740 3589.01
929.33875 3473.27
936.39709 3448.25
938.38861 3680.01
946.34589 14419.5
946.89661 13364.9
947.33765 17921
947.90131 3389.78
955.90735 9932.46
956.39880 11690.7
959.44806 3481.96
964.36108 14444.5
964.90588 25867
965.39301 21625.9
965.91205 4660.78
974.37219 3576.3
977.46112 106871
978.46454 38726.1
982.37177 21794.9
983.37354 4763.1
986.35986 4302.91
1003.36450 3928.88
1004.37115 5432.45
1015.92261 11843.2
1016.41553 14299
1016.91980 3576.82
1021.37805 10613.2
1022.37714 4178.32
1024.92627 18154.5
1025.41956 26439
1025.91748 15562.9
1028.45142 4334.73
1033.93176 49066.5
1034.42859 37677.1
1034.92810 15184
1035.40503 4017.29
1039.39185 9028.45
1042.93445 42807
1043.43066 47689.3
1043.93652 23354.1
1051.94055 74641
1052.44287 68977.7
1052.93726 22746.5
1064.49426 79671.9
1065.49329 32527.5
1073.38721 4563.39
1091.39514 5201.04
1103.50500 4525.96
1104.49756 4329.16
1108.40552 12476.1
1109.40955 9786.39
1121.51587 187408
1122.51855 70906.7
1123.52014 13189.6
1126.42017 5676
1166.44214 3580
1174.43921 4726.89
1190.54053 4878.43
1191.46594 12366
1192.43555 4102.97
1208.54407 107836
1209.54382 54368.5
1210.49170 12830.8
1225.42908 3841.02
1227.46997 12754.4
1229.54858 3775.49
1247.56116 15580
1248.55884 4091.09
1260.46240 3994
1265.56860 230371
1266.57080 118655
1267.56042 17077.3
1278.47949 11923.8
1279.47180 4229.73
1296.48535 16157.8
1297.48828 4230.69
1314.50098 11833.6
1315.49414 4192.27
1316.56909 5002.73
1331.51038 3903.92
1332.49475 8849.02
1334.59583 13740
1335.56018 4178.16
1349.50793 9363.51
1350.51794 11697.4
1352.59973 123844
1353.60144 65019.9
1354.61023 9917.52
1367.53796 17267.8
1368.53430 5134.5
1373.58276 10810.6
1374.62000 3764.2
1385.54431 10854.6
1386.54626 4239.4
1391.60364 19896.2
1392.61414 13323.3
1409.62170 224568
1410.62256 134342
1411.62573 20746
1424.56238 4443.61
1460.62671 9550.09
1461.62817 5279.89
1478.65259 21350.8
1479.63708 15174.9
1493.56641 5268.22
1494.58496 4652.37
1496.65173 218576
1497.65356 123092
1498.64404 21188.1
1511.57703 11451.9
1512.58582 4639.02
1529.62366 13380.3
1530.61316 5387.58
1547.66125 13451.9
1548.67737 8602.84
1565.67261 20661.3
1566.67810 14223.2
1580.58923 10476.6
1581.59338 3935.93
1583.68689 179910
1584.68689 109323
1585.68079 23888.7
1598.62341 4168.07
1599.59546 4194.22
1616.63489 4399.61
1634.69885 13075.4
1635.69885 5319.22
1649.61499 9120.78
1650.61072 4203.06
1652.69751 15077.6
1653.68958 14276.8
1667.64001 15534.5
1668.63647 10809.7
1670.71704 118680
1671.71289 79497
1672.70422 17672.2
1685.65039 14348
1686.64941 13055.5
1703.65601 8795.91
1704.65393 5386.19
1721.71863 4843.58
1739.74060 4614.64
1740.71143 3961.16
1757.75610 41721.4
1758.75061 37311.5
1759.76440 9469.5
1928.78784 4193.93
