1178.49919 2
83.06047 5580.67
84.04488 101166
84.07615 6949.78
84.08122 184655
85.02889 7002.79
85.08466 5684.99
86.09691 207241
87.05569 29438.1
87.07934 6991.88
87.10036 7430.49
88.03969 17855.8
89.07133 696106
90.07487 10690.7
97.17653 12357
98.06013 9322.21
101.07112 92905.2
101.10758 21377.4
102.05539 65342
104.05293 45943.1
110.07140 296004
110.07908 10022.1
112.08686 17942.9
115.08658 24101.5
116.01657 10539.7
116.07064 18825
120.08060 51196.7
121.08382 8023.08
126.05522 4723.86
127.08646 29361.1
129.06573 72298.9
129.10211 277661
130.04987 6091.31
130.08609 129399
130.10555 18589.7
131.11778 8256.38
133.04280 157501
133.06004 5180.43
135.89627 5426.36
136.07536 40769.6
138.05562 8507.68
138.06587 15124.1
141.06494 6534.58
141.10181 18819.4
143.07071 6904.25
143.08124 151165
143.11772 5374.99
144.01111 5653.72
145.06035 6198.05
145.09688 8420.54
147.11253 316436
148.11696 14031
155.08109 52354.4
155.11743 5000.41
157.06018 7804.38
157.09673 8855.77
157.13319 24853.5
158.09251 10792.4
159.07622 18877.3
159.09122 81393.2
159.11215 6000.96
160.09471 6123.35
166.04939 156339
166.06126 12780.4
167.08023 8299.27
167.09265 18840.3
169.09616 9892.66
169.13242 8544.86
171.07579 18094.8
171.11159 7952.93
171.14946 5749.28
172.10718 79504.4
173.09074 5649.13
173.12801 29408.8
175.08955 9642.77
175.11871 126224
179.09300 5931.36
181.06035 9835.49
181.09633 6460.69
183.07613 568718
183.11053 30972.9
183.14911 10624.6
184.07944 30473.3
185.09167 7809.72
185.12839 20639
186.08647 10317.6
186.12340 81708.6
187.07082 25827.3
187.08643 6826.59
187.10713 5154.82
187.14363 8829.19
188.07298 6099.59
189.08672 17734.2
191.08450 145838
194.09218 5392.16
195.08846 36756.3
197.10376 31237.8
197.12837 8010.58
198.08652 6761.22
199.05421 5334.39
199.07091 29951.3
199.17972 70434.4
200.10252 643637
201.08623 28504
201.10550 51213.5
201.12308 71499.2
202.08235 6366.73
202.12614 10454.6
203.08406 27107.8
203.10155 7779.38
207.08781 6962.98
207.11263 8778.22
208.07126 30532.8
211.10674 9094.59
213.08595 18738.6
213.12495 5454.08
214.11826 31533.1
214.15520 9486.6
215.13879 26239.2
216.09731 18049.3
217.08206 7677.88
217.12962 21078.7
219.07922 68914.8
221.10229 9064.32
225.09772 191934
226.09996 15089.8
226.11867 16972.4
226.15443 73473.3
227.17570 7243.31
228.13438 8356.21
229.11769 25999.6
230.07646 6202.8
231.09653 8108.79
233.09531 10458.2
234.14491 5841.3
235.10741 7064.95
239.11400 34736.4
240.13385 35830.3
241.08107 10302.1
242.14955 7303.81
244.07326 33491.7
244.09538 6658.77
244.16502 261736
245.16809 25240.8
246.12613 48797.8
246.17912 7378.36
249.09778 33783.3
258.14471 102596
259.09070 9118.77
260.19635 10619.3
261.08896 17186.5
262.08661 31715.6
262.14224 24125.3
266.12299 5793.02
267.10815 75754
269.12271 16737.1
272.06912 79596.3
272.17017 39605.3
273.05225 6650.26
273.17529 7029.26
274.12079 23552.7
274.18719 9668.63
276.15445 115847
277.15863 7778.41
285.15479 8663.15
289.09558 7631.93
290.07941 66451.5
294.65881 23095.2
300.15469 9323.87
301.15131 7891.68
302.15274 6252.44
310.10229 10581
311.17105 17898.3
315.11218 6766.86
323.18326 8980.59
324.14075 6066.82
329.18130 10402.5
331.19766 7482.42
332.13760 8138.97
336.13016 8171.7
342.09064 8931.23
343.10596 16826.9
344.14478 19022.5
347.19177 190615
348.12152 18885.1
348.19446 25198.7
354.13806 34060.1
356.10812 10728
359.11804 19990.7
360.09622 9704.64
360.13693 55291.3
363.19873 7541.68
367.23279 7105.22
376.18036 33021
386.15787 8089.38
388.74252 52352.8
389.24268 22174.8
396.26099 8723.93
401.11075 17813.6
402.20099 5763.14
405.10733 39196.8
413.21387 6481.08
415.18231 27908.7
419.23959 7808.09
427.18195 7447.17
430.19568 9418.74
433.70572 8905.82
438.22375 7649.68
446.19690 6861.97
454.30090 29612.9
455.17569 7849.92
457.28824 9421.74
457.73807 33144.1
458.18692 7923.17
458.28940 6487.07
459.22940 8996.19
459.72928 5834.33
460.27551 133806
461.28287 34346.2
468.23636 25181.4
468.72946 21268.4
469.27887 9555.12
473.19232 8943.11
475.23041 27531.8
475.73022 20002.1
477.23422 8677.81
481.19879 32702.8
481.70001 6522.61
481.77954 22183.5
490.20261 59545.9
490.70316 23382.4
492.23651 6685.76
493.76108 19180.9
494.21283 18802.2
502.12543 7202.09
503.27170 8355.22
512.22205 9299.8
520.13379 93137.5
521.13562 10298.1
522.20184 8650.09
522.26855 6867.39
525.29688 23386.9
526.22015 9534.15
533.31738 8560.92
533.78668 10385.1
540.21356 7525.85
540.81671 45446.3
541.31189 21598.7
544.22406 29301.2
545.22821 139944
545.72693 74131.7
546.25214 41839
546.75525 16010
550.28375 7993.89
560.30933 6694.44
561.30365 110530
561.79688 25819.7
563.23920 8442.88
566.32501 24937.2
566.75067 7067.13
567.33722 13413.7
570.33453 7582.04
571.27429 10789
571.80127 8554.71
572.22430 67829.5
572.31049 23653.2
572.72351 37182.7
573.28186 8876.57
575.30334 89034.4
576.30707 24407.2
580.28162 21090.6
580.81427 103036
581.30859 41360.8
581.77167 29448.2
582.28345 24839.9
582.38910 10263.1
583.64600 7151.43
588.30829 188815
589.29761 127376
589.64819 11106
589.81256 184005
589.97906 6675.97
590.31799 416041
590.79224 117144
591.17017 6874.74
605.22131 38936.4
606.22040 6603.98
613.15155 6559.14
615.20068 7085.33
616.19653 7018.36
631.16589 44077.5
632.29779 6824.39
633.21973 34936.4
637.36615 7143.38
639.42157 59150.6
640.41968 18638.4
649.35059 18143.1
676.25781 17809.5
678.33875 18609.4
684.19244 19732.7
686.24164 7711.12
690.32813 187933
691.32959 46387.7
696.37659 28920.8
703.33423 27418.3
704.25397 42207.3
704.35785 8194.26
707.32434 19637.2
719.40790 7115.27
725.33447 19335
744.24756 9757.47
768.38940 7032.37
776.47339 25977.6
777.39722 32233.6
801.36542 47035.5
802.37219 23329.3
805.42163 7169.99
806.40137 10663.2
807.40723 10035.6
814.30292 7179.98
815.28259 21951.4
816.41730 10489.7
819.37036 204694
820.37762 58216.6
821.38220 7661.56
825.41302 105730
826.40326 26951.5
832.37518 42614.1
833.29541 26875.5
877.43628 7554.5
894.45819 8326.82
897.44342 6983.32
904.38989 6977.02
905.38654 18327.2
914.46625 74990.4
917.46576 36954.7
918.45081 18198.1
920.44501 18865.9
934.44177 7126.2
935.47449 56037.5
936.46167 47025.7
937.43665 6852.51
943.33472 9557.86
944.35724 7671.94
949.44598 23836.4
950.44354 22646
953.46362 20735.7
954.45007 114863
955.45361 50605.9
961.40900 99578.4
962.38654 89266.5
963.37445 21174.6
965.49255 27653.3
979.40161 626058
980.40289 244630
981.40515 45138.3
1043.50281 22152.1
1090.43396 106986
1091.43164 50543.2
1092.43787 9260.51
