1900.80583 2
133.04308 5838.44
136.07553 1.08066E+06
137.07907 68959.9
138.05453 10791
141.10179 8094.1
143.11769 240097
144.12157 7270.06
145.06108 6653.25
147.11261 262237
148.07530 5519.46
148.11586 6118.03
155.08142 21083.2
155.11778 27497.5
156.07637 6296.15
157.09689 5769.67
157.13293 6981.57
159.07635 63048.3
159.09137 23357.7
160.09506 5787.8
162.09091 4493.18
169.06107 4903.53
169.09743 21656.9
169.13359 22776.9
171.11250 377370
172.11597 35652.5
173.05608 23910.3
175.11888 33861.4
181.09753 12172.3
183.11247 123799
183.14883 16717.7
184.11653 6050.24
185.05602 6531.91
185.09229 9211.01
185.12816 20327.9
186.08774 8491.82
187.07123 105454
187.08611 8545.35
187.10767 30299.4
187.14444 6734.99
188.07433 5278.07
189.08774 5158.52
193.09720 6198.23
197.12825 83913.6
198.08847 4949.63
199.07190 17945.7
199.18065 21351.5
200.13936 64771.5
201.08708 5163.16
201.12279 53337.2
204.13756 7729.72
207.11284 36164.4
211.14357 10058.8
211.18120 25260.3
212.10223 16974.6
212.13953 10947.9
213.08749 22238.1
215.10234 38423.5
215.13972 19172.3
216.09888 21320.8
218.14963 583039
219.11342 4946.82
219.15265 43769.2
221.09224 5266.67
223.10817 6837.17
225.12454 5990.41
226.08232 6580.29
226.11880 11246.9
227.10204 5892.54
227.17606 7816.83
228.09717 5504.22
228.13396 11853.4
229.09839 5195.39
229.11832 32130.9
230.07764 8716.92
230.11641 5260.04
231.06178 25325.1
231.11496 5350.39
233.09184 85602.5
233.16605 4933.95
234.09552 5454.39
234.14497 6643.17
235.10654 11909.2
239.17471 196796
239.19739 7999.03
240.13489 31746.7
240.17809 19690.6
242.14969 50536.7
243.13251 7570.86
244.09160 44184.6
244.16606 9909.92
245.09648 5394.12
246.12695 6973.01
247.11069 5327.52
249.15915 249587
250.16246 37939.1
251.10161 181030
252.10602 9577.06
254.15219 8795.21
256.20117 68709.5
259.09186 8440.29
261.15942 28793.3
263.10211 66853.1
266.18640 20494.2
270.10855 18004.5
270.14499 10589
272.16275 6955.73
277.12134 7185.23
277.15405 135506
278.11725 5774.76
278.15686 26550.6
279.09711 610172
280.10062 74528.9
283.12976 5828.67
284.08981 9855.71
284.19638 838005
285.15527 6257.94
285.16602 5737.42
285.19989 118502
286.13956 114158
287.14145 11270.7
287.17136 6762.03
288.08200 63234.5
288.20316 7986.09
289.08878 5952.49
289.15402 102968
290.15829 11525
294.18021 6722.62
296.12540 29779.2
297.12341 6785.91
297.15720 7277.35
299.17203 8561.4
300.15381 33679.2
302.09836 79843.7
302.15170 9586.98
303.10199 6921.68
304.12921 11339.3
305.11301 19459.1
306.18155 9491.14
310.21152 54683.8
311.17322 18838.1
311.21390 7418.59
312.15482 6173.58
315.16766 27870.7
316.15161 11944.5
320.12335 8697.63
322.14099 6955.46
327.09464 11646.3
327.24039 27437.8
329.18326 23960.8
330.12857 58903.9
332.12393 10635.2
333.17606 352474
334.17627 195028
335.17810 34823.4
336.12015 28958.3
339.16742 26079.6
341.10934 20105.6
341.14758 9233.18
341.22131 6896.74
343.16315 8013.21
345.10358 45622.6
347.16074 29252.2
350.13419 183678
351.13858 26499.8
353.21777 97809.7
354.21875 7415.27
355.23441 19281.4
357.17596 193281
358.17813 34714.6
359.11856 76130.1
362.17062 9749.74
367.16214 11118.3
371.22992 36288.4
374.24380 8549.19
375.16592 10110.1
378.12921 28150.4
381.21387 34402.4
389.14600 9360.06
391.16013 6471.41
392.18069 193170
393.18445 38146.1
394.12582 7061.1
399.15021 8725.09
399.22253 56822.7
400.22809 9983.99
401.16830 9636.78
402.23965 59198.7
403.11206 7187.26
403.19745 41121.8
403.24423 7509.86
404.19272 8963.38
407.15396 55374.4
412.18484 9744.41
413.16501 7194.43
417.13577 20105.9
418.19589 49071.9
419.20468 9329.5
419.26376 210365
420.26852 54360.6
421.20840 9181.18
423.23883 8315.25
424.10678 9584.47
424.25558 22849.5
425.24698 9423.86
430.19217 40907.6
431.19174 108849
432.19598 10028.8
435.15237 58945.5
435.22330 7217.99
436.15695 6893.4
442.12308 31213.2
442.26758 27690.7
445.15802 28631.5
445.27652 6700.53
446.16199 6239.09
446.26758 20388.7
447.15341 26995.3
447.26025 68582.7
448.20346 651797
449.20419 322719
450.20740 70647.3
451.20645 6599.13
454.19244 7917.48
456.13782 20677.9
458.18842 7165.73
460.13098 72314
460.18863 8358.7
460.24911 6969.46
463.22174 24509.4
465.16119 230344
466.16278 55848
470.19586 7900.26
470.25858 59827
471.26675 20300.8
472.20477 18984.3
474.14948 55167.4
474.23636 18961.9
475.15262 10827.2
475.21201 39385.6
477.19980 43033.8
486.15533 7711.88
488.20856 7010.78
492.17490 27801.7
492.24689 80963.1
493.24838 9016.85
499.25446 8118.5
502.23257 30060.9
504.17581 21862.3
506.22733 6902.76
512.23065 6399.28
513.15509 37350.7
516.20203 36007.2
516.28363 118377
517.20691 7982.63
517.27997 54237.6
518.28009 9650.54
520.23962 134379
521.24426 28041.9
522.18549 21061.8
529.26703 22813.5
530.23083 8581.52
531.16656 46498
531.27960 21858.5
532.17188 23375.6
534.22278 46994.5
534.29138 55475.2
535.22083 18589.5
535.29846 18849.6
544.27612 135911
545.28107 50090.9
546.29199 8461.32
547.27148 578292
548.27563 139173
549.28101 10560.2
550.17957 32263.2
562.28693 149744
563.29126 40441.3
564.29504 7445.6
571.17609 18948.1
572.24365 6703.4
573.22974 10494.4
578.24921 29828.8
585.28973 18820.2
587.31927 25016.6
588.30304 59753.2
589.18481 39793.4
590.26361 6521.51
592.22443 42298.3
595.28064 6764.19
605.33276 55388.8
606.33136 23254.8
607.19330 63043.9
608.20917 29419
615.32239 71923.3
616.32330 7859.02
617.25574 8535.25
618.25372 6920.19
619.20648 19911.3
620.19653 9801.87
627.28809 7217.37
628.18805 28921.5
629.27539 7129.54
631.23236 9850.1
633.32910 42960.9
634.32684 8166.24
635.26270 51294.3
636.27490 11052.1
637.20502 58309.8
638.21088 9625.38
642.31097 9679.18
644.29205 24858.8
645.27454 11746.8
646.18689 43444
647.19037 7777.13
649.24268 37304.6
650.24609 6807.14
660.23193 7747.29
661.25623 9926.52
662.29834 304588
663.30182 94919.2
664.30499 25911.6
670.26544 25543.9
670.76093 7425.11
676.22693 7577.33
678.24255 9426.1
684.38593 24906.6
686.78931 42158.9
687.29034 15554.9
687.79633 18387.7
688.29114 42086.1
688.79242 45252.8
694.23712 8205.81
702.36377 6743.58
703.29901 7103.55
704.21771 22879.4
705.28479 35939.5
706.26093 41513.5
707.27795 20614.8
720.35718 19799.2
722.22510 53232.3
723.23529 24568
730.34644 23420.8
746.26367 8226.81
748.35455 76743
749.35602 29953.9
757.24329 8248.56
764.27057 43409.1
765.27765 22294.2
775.25012 42209.4
776.25439 10895.4
777.37866 7707.93
779.37213 36501.2
780.37689 8496.92
791.24213 9080.59
791.36700 9915.87
793.26453 71928.6
794.27277 28052.4
800.31464 24494.3
800.81702 24107.8
801.31201 10483.3
803.28864 31710.5
804.28357 10814.8
805.37952 10598
806.37762 8696.61
807.31677 18849.7
809.36987 462952
809.80432 44009.6
810.37170 180925
811.37091 37465
821.29315 77442.6
822.29761 20144.4
827.47919 10359.4
834.39728 7422.42
835.30243 12288.7
852.97247 7957.75
890.27948 19393.7
890.42657 8441.7
892.33575 28317.6
893.33563 7611.04
894.44812 7523.69
900.30096 8289.94
906.38531 9295.03
907.39099 9384.51
908.27069 36006.5
908.44586 11095
909.30280 9177.48
918.31622 27320.2
920.39978 35167.3
921.41779 30505.7
924.38953 122430
925.39612 58113.1
926.40619 8334.49
933.45532 9587.97
934.40814 22009.7
936.31677 72999
937.33258 28024.4
938.32739 20687.2
942.40717 34901.5
950.93964 7849.62
951.47174 142737
951.98431 9641.86
952.47626 48674.4
956.34540 9136.79
963.41241 30453
981.41400 681763
982.41626 324425
982.61255 10606
983.41852 71750.1
989.35657 30477.4
990.34888 10154.1
992.46387 25770.6
993.45715 7658.27
1007.34991 69497.6
1008.34515 33393.5
1033.34766 9751.42
1037.63110 9702.65
1051.35022 42838.7
1052.36023 29140.8
1053.35962 19789.5
1054.35156 7580.83
1060.47461 7976.3
1071.36145 31939.4
1071.56616 10906.4
1072.35803 19811.8
1074.43665 19433.3
1078.43665 9653.98
1092.45813 21203.7
1093.45337 8400.84
1096.43958 201802
1097.43933 100369
1098.45166 20456.9
1104.37891 10516.2
1122.38147 65863
1123.37939 34882.8
1124.40833 9451.9
1135.44922 57182.5
1136.47119 31745.2
1153.46179 808866
1154.46448 469901
1155.46582 140253
1156.47705 9230.6
1169.57983 8049.91
1174.56262 8931.39
1193.42017 8233.76
1237.42151 27711.5
1238.42761 17255.2
1250.47217 61321.7
1251.46228 61246.1
1252.46387 14149.5
1262.60876 23590.2
1268.48816 627564
1269.49170 401907
1270.49048 108073
1273.64697 19630.4
1285.45300 9925.58
1318.65845 9017.88
1321.51428 45856.9
1322.54675 30120.1
1339.52747 520889
1340.53040 379734
1341.52563 104145
1354.55981 29377.4
1355.56067 11681.7
1375.59460 10533.6
1400.49854 24015.9
1401.49731 26727.8
1436.53577 71348
1437.54321 79511.2
1438.55908 30608.7
1452.74243 9008
1454.55298 563102
1455.55505 478039
1456.55420 150459
1598.78552 9181.87
1599.63562 41417.6
1600.60193 33471.8
1601.64636 11221.2
1617.61719 309034
1618.61743 300133
1619.02148 9885.49
1619.61267 113355
1620.64124 11502.9
1731.71851 8911.02
1787.74426 20341.4
1788.74426 21066
